orderID,productID,unitPrice,quantity,totalPrice,discount
10248,11,14.00,12,168.00,0.00
10248,42,9.80,10,98.00,0.00
10248,72,34.80,5,174.00,0.00
10249,14,18.60,9,167.40,0.00
10249,51,42.40,40,1696.00,0.00
10250,41,7.70,10,77.00,0.00
10250,51,42.40,35,1484.00,0.15
10250,65,16.80,15,252.00,0.15
10251,22,16.80,6,100.80,0.05
10251,57,15.60,15,234.00,0.05
10251,65,16.80,20,336.00,0.00
10252,20,64.80,40,2592.00,0.05
10252,33,2.00,25,50.00,0.05
10252,60,27.20,40,1088.00,0.00
10253,31,10.00,20,200.00,0.00
10253,39,14.40,42,604.80,0.00
10253,49,16.00,40,640.00,0.00
10254,24,3.60,15,54.00,0.15
10254,55,19.20,21,403.20,0.15
10254,74,8.00,21,168.00,0.00
10255,2,15.20,20,304.00,0.00
10255,16,13.90,35,486.50,0.00
10255,36,15.20,25,380.00,0.00
10255,59,44.00,30,1320.00,0.00
10256,53,26.20,15,393.00,0.00
10256,77,10.40,12,124.80,0.00
10257,27,35.10,25,877.50,0.00
10257,39,14.40,6,86.40,0.00
10257,77,10.40,15,156.00,0.00
10258,2,15.20,50,760.00,0.20
10258,5,17.00,65,1105.00,0.20
10258,32,25.60,6,153.60,0.20
10259,21,8.00,10,80.00,0.00
10259,37,20.80,1,20.80,0.00
10260,41,7.70,16,123.20,0.25
10260,57,15.60,50,780.00,0.00
10260,62,39.40,15,591.00,0.25
10260,70,12.00,21,252.00,0.25
10261,21,8.00,20,160.00,0.00
10261,35,14.40,20,288.00,0.00
10262,5,17.00,12,204.00,0.20
10262,7,24.00,15,360.00,0.00
10262,56,30.40,2,60.80,0.00
10263,16,13.90,60,834.00,0.25
10263,24,3.60,28,100.80,0.00
10263,30,20.70,60,1242.00,0.25
10263,74,8.00,36,288.00,0.25
10264,2,15.20,35,532.00,0.00
10264,41,7.70,25,192.50,0.15
10265,17,31.20,30,936.00,0.00
10265,70,12.00,20,240.00,0.00
10266,12,30.40,12,364.80,0.05
10267,40,14.70,50,735.00,0.00
10267,59,44.00,70,3080.00,0.15
10267,76,14.40,15,216.00,0.15
10268,29,99.00,10,990.00,0.00
10268,72,27.80,4,111.20,0.00
10269,33,2.00,60,120.00,0.05
10269,72,27.80,20,556.00,0.05
10270,36,15.20,30,456.00,0.00
10270,43,36.80,25,920.00,0.00
10271,33,2.00,24,48.00,0.00
10272,20,64.80,6,388.80,0.00
10272,31,10.00,40,400.00,0.00
10272,72,27.80,24,667.20,0.00
10273,10,24.80,24,595.20,0.05
10273,31,10.00,15,150.00,0.05
10273,33,2.00,20,40.00,0.00
10273,40,14.70,60,882.00,0.05
10273,76,14.40,33,475.20,0.05
10274,71,17.20,20,344.00,0.00
10274,72,27.80,7,194.60,0.00
10275,24,3.60,12,43.20,0.05
10275,59,44.00,6,264.00,0.05
10276,10,24.80,15,372.00,0.00
10276,13,4.80,10,48.00,0.00
10277,28,36.40,20,728.00,0.00
10277,62,39.40,12,472.80,0.00
10278,44,15.50,16,248.00,0.00
10278,59,44.00,15,660.00,0.00
10278,63,35.10,8,280.80,0.00
10278,73,12.00,25,300.00,0.00
10279,17,31.20,15,468.00,0.25
10280,24,3.60,12,43.20,0.00
10280,55,19.20,20,384.00,0.00
10280,75,6.20,30,186.00,0.00
10281,19,7.30,1,7.30,0.00
10281,24,3.60,6,21.60,0.00
10281,35,14.40,4,57.60,0.00
10282,30,20.70,6,124.20,0.00
10282,57,15.60,2,31.20,0.00
10283,15,12.40,20,248.00,0.00
10283,19,7.30,18,131.40,0.00
10283,60,27.20,35,952.00,0.00
10283,72,27.80,3,83.40,0.00
10284,27,35.10,15,526.50,0.25
10284,44,15.50,21,325.50,0.00
10284,60,27.20,20,544.00,0.25
10284,67,11.20,5,56.00,0.25
10285,1,14.40,45,648.00,0.20
10285,40,14.70,40,588.00,0.20
10285,53,26.20,36,943.20,0.20
10286,35,14.40,100,1440.00,0.00
10286,62,39.40,40,1576.00,0.00
10287,16,13.90,40,556.00,0.15
10287,34,11.20,20,224.00,0.00
10287,46,9.60,15,144.00,0.15
10288,54,5.90,10,59.00,0.10
10288,68,10.00,3,30.00,0.10
10289,3,8.00,30,240.00,0.00
10289,64,26.60,9,239.40,0.00
10290,5,17.00,20,340.00,0.00
10290,29,99.00,15,1485.00,0.00
10290,49,16.00,15,240.00,0.00
10290,77,10.40,10,104.00,0.00
10291,13,4.80,20,96.00,0.10
10291,44,15.50,24,372.00,0.10
10291,51,42.40,2,84.80,0.10
10292,20,64.80,20,1296.00,0.00
10293,18,50.00,12,600.00,0.00
10293,24,3.60,10,36.00,0.00
10293,63,35.10,5,175.50,0.00
10293,75,6.20,6,37.20,0.00
10294,1,14.40,18,259.20,0.00
10294,17,31.20,15,468.00,0.00
10294,43,36.80,15,552.00,0.00
10294,60,27.20,21,571.20,0.00
10294,75,6.20,6,37.20,0.00
10295,56,30.40,4,121.60,0.00
10296,11,16.80,12,201.60,0.00
10296,16,13.90,30,417.00,0.00
10296,69,28.80,15,432.00,0.00
10297,39,14.40,60,864.00,0.00
10297,72,27.80,20,556.00,0.00
10298,2,15.20,40,608.00,0.00
10298,36,15.20,40,608.00,0.25
10298,59,44.00,30,1320.00,0.25
10298,62,39.40,15,591.00,0.00
10299,19,7.30,15,109.50,0.00
10299,70,12.00,20,240.00,0.00
10300,66,13.60,30,408.00,0.00
10300,68,10.00,20,200.00,0.00
10301,40,14.70,10,147.00,0.00
10301,56,30.40,20,608.00,0.00
10302,17,31.20,40,1248.00,0.00
10302,28,36.40,28,1019.20,0.00
10302,43,36.80,12,441.60,0.00
10303,40,14.70,40,588.00,0.10
10303,65,16.80,30,504.00,0.10
10303,68,10.00,15,150.00,0.10
10304,49,16.00,30,480.00,0.00
10304,59,44.00,10,440.00,0.00
10304,71,17.20,2,34.40,0.00
10305,18,50.00,25,1250.00,0.10
10305,29,99.00,25,2475.00,0.10
10305,39,14.40,30,432.00,0.10
10306,30,20.70,10,207.00,0.00
10306,53,26.20,10,262.00,0.00
10306,54,5.90,5,29.50,0.00
10307,62,39.40,10,394.00,0.00
10307,68,10.00,3,30.00,0.00
10308,69,28.80,1,28.80,0.00
10308,70,12.00,5,60.00,0.00
10309,4,17.60,20,352.00,0.00
10309,6,20.00,30,600.00,0.00
10309,42,11.20,2,22.40,0.00
10309,43,36.80,20,736.00,0.00
10309,71,17.20,3,51.60,0.00
10310,16,13.90,10,139.00,0.00
10310,62,39.40,5,197.00,0.00
10311,42,11.20,6,67.20,0.00
10311,69,28.80,7,201.60,0.00
10312,28,36.40,4,145.60,0.00
10312,43,36.80,24,883.20,0.00
10312,53,26.20,20,524.00,0.00
10312,75,6.20,10,62.00,0.00
10313,36,15.20,12,182.40,0.00
10314,32,25.60,40,1024.00,0.10
10314,58,10.60,30,318.00,0.10
10314,62,39.40,25,985.00,0.10
10315,34,11.20,14,156.80,0.00
10315,70,12.00,30,360.00,0.00
10316,41,7.70,10,77.00,0.00
10316,62,39.40,70,2758.00,0.00
10317,1,14.40,20,288.00,0.00
10318,41,7.70,20,154.00,0.00
10318,76,14.40,6,86.40,0.00
10319,17,31.20,8,249.60,0.00
10319,28,36.40,14,509.60,0.00
10319,76,14.40,30,432.00,0.00
10320,71,17.20,30,516.00,0.00
10321,35,14.40,10,144.00,0.00
10322,52,5.60,20,112.00,0.00
10323,15,12.40,5,62.00,0.00
10323,25,11.20,4,44.80,0.00
10323,39,14.40,4,57.60,0.00
10324,16,13.90,21,291.90,0.15
10324,35,14.40,70,1008.00,0.15
10324,46,9.60,30,288.00,0.00
10324,59,44.00,40,1760.00,0.15
10324,63,35.10,80,2808.00,0.15
10325,6,20.00,6,120.00,0.00
10325,13,4.80,12,57.60,0.00
10325,14,18.60,9,167.40,0.00
10325,31,10.00,4,40.00,0.00
10325,72,27.80,40,1112.00,0.00
10326,4,17.60,24,422.40,0.00
10326,57,15.60,16,249.60,0.00
10326,75,6.20,50,310.00,0.00
10327,2,15.20,25,380.00,0.20
10327,11,16.80,50,840.00,0.20
10327,30,20.70,35,724.50,0.20
10327,58,10.60,30,318.00,0.20
10328,59,44.00,9,396.00,0.00
10328,65,16.80,40,672.00,0.00
10328,68,10.00,10,100.00,0.00
10329,19,7.30,10,73.00,0.05
10329,30,20.70,8,165.60,0.05
10329,38,210.80,20,4216.00,0.05
10329,56,30.40,12,364.80,0.05
10330,26,24.90,50,1245.00,0.15
10330,72,27.80,25,695.00,0.15
10331,54,5.90,15,88.50,0.00
10332,18,50.00,40,2000.00,0.20
10332,42,11.20,10,112.00,0.20
10332,47,7.60,16,121.60,0.20
10333,14,18.60,10,186.00,0.00
10333,21,8.00,10,80.00,0.10
10333,71,17.20,40,688.00,0.10
10334,52,5.60,8,44.80,0.00
10334,68,10.00,10,100.00,0.00
10335,2,15.20,7,106.40,0.20
10335,31,10.00,25,250.00,0.20
10335,32,25.60,6,153.60,0.20
10335,51,42.40,48,2035.20,0.20
10336,4,17.60,18,316.80,0.10
10337,23,7.20,40,288.00,0.00
10337,26,24.90,24,597.60,0.00
10337,36,15.20,20,304.00,0.00
10337,37,20.80,28,582.40,0.00
10337,72,27.80,25,695.00,0.00
10338,17,31.20,20,624.00,0.00
10338,30,20.70,15,310.50,0.00
10339,4,17.60,10,176.00,0.00
10339,17,31.20,70,2184.00,0.05
10339,62,39.40,28,1103.20,0.00
10340,18,50.00,20,1000.00,0.05
10340,41,7.70,12,92.40,0.05
10340,43,36.80,40,1472.00,0.05
10341,33,2.00,8,16.00,0.00
10341,59,44.00,9,396.00,0.15
10342,2,15.20,24,364.80,0.20
10342,31,10.00,56,560.00,0.20
10342,36,15.20,40,608.00,0.20
10342,55,19.20,40,768.00,0.20
10343,64,26.60,50,1330.00,0.00
10343,68,10.00,4,40.00,0.05
10343,76,14.40,15,216.00,0.00
10344,4,17.60,35,616.00,0.00
10344,8,32.00,70,2240.00,0.25
10345,8,32.00,70,2240.00,0.00
10345,19,7.30,80,584.00,0.00
10345,42,11.20,9,100.80,0.00
10346,17,31.20,36,1123.20,0.10
10346,56,30.40,20,608.00,0.00
10347,25,11.20,10,112.00,0.00
10347,39,14.40,50,720.00,0.15
10347,40,14.70,4,58.80,0.00
10347,75,6.20,6,37.20,0.15
10348,1,14.40,15,216.00,0.15
10348,23,7.20,25,180.00,0.00
10349,54,5.90,24,141.60,0.00
10350,50,13.00,15,195.00,0.10
10350,69,28.80,18,518.40,0.10
10351,38,210.80,20,4216.00,0.05
10351,41,7.70,13,100.10,0.00
10351,44,15.50,77,1193.50,0.05
10351,65,16.80,10,168.00,0.05
10352,24,3.60,10,36.00,0.00
10352,54,5.90,20,118.00,0.15
10353,11,16.80,12,201.60,0.20
10353,38,210.80,50,10540.00,0.20
10354,1,14.40,12,172.80,0.00
10354,29,99.00,4,396.00,0.00
10355,24,3.60,25,90.00,0.00
10355,57,15.60,25,390.00,0.00
10356,31,10.00,30,300.00,0.00
10356,55,19.20,12,230.40,0.00
10356,69,28.80,20,576.00,0.00
10357,10,24.80,30,744.00,0.20
10357,26,24.90,16,398.40,0.00
10357,60,27.20,8,217.60,0.20
10358,24,3.60,10,36.00,0.05
10358,34,11.20,10,112.00,0.05
10358,36,15.20,20,304.00,0.05
10359,16,13.90,56,778.40,0.05
10359,31,10.00,70,700.00,0.05
10359,60,27.20,80,2176.00,0.05
10360,28,36.40,30,1092.00,0.00
10360,29,99.00,35,3465.00,0.00
10360,38,210.80,10,2108.00,0.00
10360,49,16.00,35,560.00,0.00
10360,54,5.90,28,165.20,0.00
10361,39,14.40,54,777.60,0.10
10361,60,27.20,55,1496.00,0.10
10362,25,11.20,50,560.00,0.00
10362,51,42.40,20,848.00,0.00
10362,54,5.90,24,141.60,0.00
10363,31,10.00,20,200.00,0.00
10363,75,6.20,12,74.40,0.00
10363,76,14.40,12,172.80,0.00
10364,69,28.80,30,864.00,0.00
10364,71,17.20,5,86.00,0.00
10365,11,16.80,24,403.20,0.00
10366,65,16.80,5,84.00,0.00
10366,77,10.40,5,52.00,0.00
10367,34,11.20,36,403.20,0.00
10367,54,5.90,18,106.20,0.00
10367,65,16.80,15,252.00,0.00
10367,77,10.40,7,72.80,0.00
10368,21,8.00,5,40.00,0.10
10368,28,36.40,13,473.20,0.10
10368,57,15.60,25,390.00,0.00
10368,64,26.60,35,931.00,0.10
10369,29,99.00,20,1980.00,0.00
10369,56,30.40,18,547.20,0.25
10370,1,14.40,15,216.00,0.15
10370,64,26.60,30,798.00,0.00
10370,74,8.00,20,160.00,0.15
10371,36,15.20,6,91.20,0.20
10372,20,64.80,12,777.60,0.25
10372,38,210.80,40,8432.00,0.25
10372,60,27.20,70,1904.00,0.25
10372,72,27.80,42,1167.60,0.25
10373,58,10.60,80,848.00,0.20
10373,71,17.20,50,860.00,0.20
10374,31,10.00,30,300.00,0.00
10374,58,10.60,15,159.00,0.00
10375,14,18.60,15,279.00,0.00
10375,54,5.90,10,59.00,0.00
10376,31,10.00,42,420.00,0.05
10377,28,36.40,20,728.00,0.15
10377,39,14.40,20,288.00,0.15
10378,71,17.20,6,103.20,0.00
10379,41,7.70,8,61.60,0.10
10379,63,35.10,16,561.60,0.10
10379,65,16.80,20,336.00,0.10
10380,30,20.70,18,372.60,0.10
10380,53,26.20,20,524.00,0.10
10380,60,27.20,6,163.20,0.10
10380,70,12.00,30,360.00,0.00
10381,74,8.00,14,112.00,0.00
10382,5,17.00,32,544.00,0.00
10382,18,50.00,9,450.00,0.00
10382,29,99.00,14,1386.00,0.00
10382,33,2.00,60,120.00,0.00
10382,74,8.00,50,400.00,0.00
10383,13,4.80,20,96.00,0.00
10383,50,13.00,15,195.00,0.00
10383,56,30.40,20,608.00,0.00
10384,20,64.80,28,1814.40,0.00
10384,60,27.20,15,408.00,0.00
10385,7,24.00,10,240.00,0.20
10385,60,27.20,20,544.00,0.20
10385,68,10.00,8,80.00,0.20
10386,24,3.60,15,54.00,0.00
10386,34,11.20,10,112.00,0.00
10387,24,3.60,15,54.00,0.00
10387,28,36.40,6,218.40,0.00
10387,59,44.00,12,528.00,0.00
10387,71,17.20,15,258.00,0.00
10388,45,7.60,15,114.00,0.20
10388,52,5.60,20,112.00,0.20
10388,53,26.20,40,1048.00,0.00
10389,10,24.80,16,396.80,0.00
10389,55,19.20,15,288.00,0.00
10389,62,39.40,20,788.00,0.00
10389,70,12.00,30,360.00,0.00
10390,31,10.00,60,600.00,0.10
10390,35,14.40,40,576.00,0.10
10390,46,9.60,45,432.00,0.00
10390,72,27.80,24,667.20,0.10
10391,13,4.80,18,86.40,0.00
10392,69,28.80,50,1440.00,0.00
10393,2,15.20,25,380.00,0.25
10393,14,18.60,42,781.20,0.25
10393,25,11.20,7,78.40,0.25
10393,26,24.90,70,1743.00,0.25
10393,31,10.00,32,320.00,0.00
10394,13,4.80,10,48.00,0.00
10394,62,39.40,10,394.00,0.00
10395,46,9.60,28,268.80,0.10
10395,53,26.20,70,1834.00,0.10
10395,69,28.80,8,230.40,0.00
10396,23,7.20,40,288.00,0.00
10396,71,17.20,60,1032.00,0.00
10396,72,27.80,21,583.80,0.00
10397,21,8.00,10,80.00,0.15
10397,51,42.40,18,763.20,0.15
10398,35,14.40,30,432.00,0.00
10398,55,19.20,120,2304.00,0.10
10399,68,10.00,60,600.00,0.00
10399,71,17.20,30,516.00,0.00
10399,76,14.40,35,504.00,0.00
10399,77,10.40,14,145.60,0.00
10400,29,99.00,21,2079.00,0.00
10400,35,14.40,35,504.00,0.00
10400,49,16.00,30,480.00,0.00
10401,30,20.70,18,372.60,0.00
10401,56,30.40,70,2128.00,0.00
10401,65,16.80,20,336.00,0.00
10401,71,17.20,60,1032.00,0.00
10402,23,7.20,60,432.00,0.00
10402,63,35.10,65,2281.50,0.00
10403,16,13.90,21,291.90,0.15
10403,48,10.20,70,714.00,0.15
10404,26,24.90,30,747.00,0.05
10404,42,11.20,40,448.00,0.05
10404,49,16.00,30,480.00,0.05
10405,3,8.00,50,400.00,0.00
10406,1,14.40,10,144.00,0.00
10406,21,8.00,30,240.00,0.10
10406,28,36.40,42,1528.80,0.10
10406,36,15.20,5,76.00,0.10
10406,40,14.70,2,29.40,0.10
10407,11,16.80,30,504.00,0.00
10407,69,28.80,15,432.00,0.00
10407,71,17.20,15,258.00,0.00
10408,37,20.80,10,208.00,0.00
10408,54,5.90,6,35.40,0.00
10408,62,39.40,35,1379.00,0.00
10409,14,18.60,12,223.20,0.00
10409,21,8.00,12,96.00,0.00
10410,33,2.00,49,98.00,0.00
10410,59,44.00,16,704.00,0.00
10411,41,7.70,25,192.50,0.20
10411,44,15.50,40,620.00,0.20
10411,59,44.00,9,396.00,0.20
10412,14,18.60,20,372.00,0.10
10413,1,14.40,24,345.60,0.00
10413,62,39.40,40,1576.00,0.00
10413,76,14.40,14,201.60,0.00
10414,19,7.30,18,131.40,0.05
10414,33,2.00,50,100.00,0.00
10415,17,31.20,2,62.40,0.00
10415,33,2.00,20,40.00,0.00
10416,19,7.30,20,146.00,0.00
10416,53,26.20,10,262.00,0.00
10416,57,15.60,20,312.00,0.00
10417,38,210.80,50,10540.00,0.00
10417,46,9.60,2,19.20,0.25
10417,68,10.00,36,360.00,0.25
10417,77,10.40,35,364.00,0.00
10418,2,15.20,60,912.00,0.00
10418,47,7.60,55,418.00,0.00
10418,61,22.80,16,364.80,0.00
10418,74,8.00,15,120.00,0.00
10419,60,27.20,60,1632.00,0.05
10419,69,28.80,20,576.00,0.05
10420,9,77.60,20,1552.00,0.10
10420,13,4.80,2,9.60,0.10
10420,70,12.00,8,96.00,0.10
10420,73,12.00,20,240.00,0.10
10421,19,7.30,4,29.20,0.15
10421,26,24.90,30,747.00,0.00
10421,53,26.20,15,393.00,0.15
10421,77,10.40,10,104.00,0.15
10422,26,24.90,2,49.80,0.00
10423,31,10.00,14,140.00,0.00
10423,59,44.00,20,880.00,0.00
10424,35,14.40,60,864.00,0.20
10424,38,210.80,49,10329.20,0.20
10424,68,10.00,30,300.00,0.20
10425,55,19.20,10,192.00,0.25
10425,76,14.40,20,288.00,0.25
10426,56,30.40,5,152.00,0.00
10426,64,26.60,7,186.20,0.00
10427,14,18.60,35,651.00,0.00
10428,46,9.60,20,192.00,0.00
10429,50,13.00,40,520.00,0.00
10429,63,35.10,35,1228.50,0.25
10430,17,31.20,45,1404.00,0.20
10430,21,8.00,50,400.00,0.00
10430,56,30.40,30,912.00,0.00
10430,59,44.00,70,3080.00,0.20
10431,17,31.20,50,1560.00,0.25
10431,40,14.70,50,735.00,0.25
10431,47,7.60,30,228.00,0.25
10432,26,24.90,10,249.00,0.00
10432,54,5.90,40,236.00,0.00
10433,56,30.40,28,851.20,0.00
10434,11,16.80,6,100.80,0.00
10434,76,14.40,18,259.20,0.15
10435,2,15.20,10,152.00,0.00
10435,22,16.80,12,201.60,0.00
10435,72,27.80,10,278.00,0.00
10436,46,9.60,5,48.00,0.00
10436,56,30.40,40,1216.00,0.10
10436,64,26.60,30,798.00,0.10
10436,75,6.20,24,148.80,0.10
10437,53,26.20,15,393.00,0.00
10438,19,7.30,15,109.50,0.20
10438,34,11.20,20,224.00,0.20
10438,57,15.60,15,234.00,0.20
10439,12,30.40,15,456.00,0.00
10439,16,13.90,16,222.40,0.00
10439,64,26.60,6,159.60,0.00
10439,74,8.00,30,240.00,0.00
10440,2,15.20,45,684.00,0.15
10440,16,13.90,49,681.10,0.15
10440,29,99.00,24,2376.00,0.15
10440,61,22.80,90,2052.00,0.15
10441,27,35.10,50,1755.00,0.00
10442,11,16.80,30,504.00,0.00
10442,54,5.90,80,472.00,0.00
10442,66,13.60,60,816.00,0.00
10443,11,16.80,6,100.80,0.20
10443,28,36.40,12,436.80,0.00
10444,17,31.20,10,312.00,0.00
10444,26,24.90,15,373.50,0.00
10444,35,14.40,8,115.20,0.00
10444,41,7.70,30,231.00,0.00
10445,39,14.40,6,86.40,0.00
10445,54,5.90,15,88.50,0.00
10446,19,7.30,12,87.60,0.10
10446,24,3.60,20,72.00,0.10
10446,31,10.00,3,30.00,0.10
10446,52,5.60,15,84.00,0.10
10447,19,7.30,40,292.00,0.00
10447,65,16.80,35,588.00,0.00
10447,71,17.20,2,34.40,0.00
10448,26,24.90,6,149.40,0.00
10448,40,14.70,20,294.00,0.00
10449,10,24.80,14,347.20,0.00
10449,52,5.60,20,112.00,0.00
10449,62,39.40,35,1379.00,0.00
10450,10,24.80,20,496.00,0.20
10450,54,5.90,6,35.40,0.20
10451,55,19.20,120,2304.00,0.10
10451,64,26.60,35,931.00,0.10
10451,65,16.80,28,470.40,0.10
10451,77,10.40,55,572.00,0.10
10452,28,36.40,15,546.00,0.00
10452,44,15.50,100,1550.00,0.05
10453,48,10.20,15,153.00,0.10
10453,70,12.00,25,300.00,0.10
10454,16,13.90,20,278.00,0.20
10454,33,2.00,20,40.00,0.20
10454,46,9.60,10,96.00,0.20
10455,39,14.40,20,288.00,0.00
10455,53,26.20,50,1310.00,0.00
10455,61,22.80,25,570.00,0.00
10455,71,17.20,30,516.00,0.00
10456,21,8.00,40,320.00,0.15
10456,49,16.00,21,336.00,0.15
10457,59,44.00,36,1584.00,0.00
10458,26,24.90,30,747.00,0.00
10458,28,36.40,30,1092.00,0.00
10458,43,36.80,20,736.00,0.00
10458,56,30.40,15,456.00,0.00
10458,71,17.20,50,860.00,0.00
10459,7,24.00,16,384.00,0.05
10459,46,9.60,20,192.00,0.05
10459,72,27.80,40,1112.00,0.00
10460,68,10.00,21,210.00,0.25
10460,75,6.20,4,24.80,0.25
10461,21,8.00,40,320.00,0.25
10461,30,20.70,28,579.60,0.25
10461,55,19.20,60,1152.00,0.25
10462,13,4.80,1,4.80,0.00
10462,23,7.20,21,151.20,0.00
10463,19,7.30,21,153.30,0.00
10463,42,11.20,50,560.00,0.00
10464,4,17.60,16,281.60,0.20
10464,43,36.80,3,110.40,0.00
10464,56,30.40,30,912.00,0.20
10464,60,27.20,20,544.00,0.00
10465,24,3.60,25,90.00,0.00
10465,29,99.00,18,1782.00,0.10
10465,40,14.70,20,294.00,0.00
10465,45,7.60,30,228.00,0.10
10465,50,13.00,25,325.00,0.00
10466,11,16.80,10,168.00,0.00
10466,46,9.60,5,48.00,0.00
10467,24,3.60,28,100.80,0.00
10467,25,11.20,12,134.40,0.00
10468,30,20.70,8,165.60,0.00
10468,43,36.80,15,552.00,0.00
10469,2,15.20,40,608.00,0.15
10469,16,13.90,35,486.50,0.15
10469,44,15.50,2,31.00,0.15
10470,18,50.00,30,1500.00,0.00
10470,23,7.20,15,108.00,0.00
10470,64,26.60,8,212.80,0.00
10471,7,24.00,30,720.00,0.00
10471,56,30.40,20,608.00,0.00
10472,24,3.60,80,288.00,0.05
10472,51,42.40,18,763.20,0.00
10473,33,2.00,12,24.00,0.00
10473,71,17.20,12,206.40,0.00
10474,14,18.60,12,223.20,0.00
10474,28,36.40,18,655.20,0.00
10474,40,14.70,21,308.70,0.00
10474,75,6.20,10,62.00,0.00
10475,31,10.00,35,350.00,0.15
10475,66,13.60,60,816.00,0.15
10475,76,14.40,42,604.80,0.15
10476,55,19.20,2,38.40,0.05
10476,70,12.00,12,144.00,0.00
10477,1,14.40,15,216.00,0.00
10477,21,8.00,21,168.00,0.25
10477,39,14.40,20,288.00,0.25
10478,10,24.80,20,496.00,0.05
10479,38,210.80,30,6324.00,0.00
10479,53,26.20,28,733.60,0.00
10479,59,44.00,60,2640.00,0.00
10479,64,26.60,30,798.00,0.00
10480,47,7.60,30,228.00,0.00
10480,59,44.00,12,528.00,0.00
10481,49,16.00,24,384.00,0.00
10481,60,27.20,40,1088.00,0.00
10482,40,14.70,10,147.00,0.00
10483,34,11.20,35,392.00,0.05
10483,77,10.40,30,312.00,0.05
10484,21,8.00,14,112.00,0.00
10484,40,14.70,10,147.00,0.00
10484,51,42.40,3,127.20,0.00
10485,2,15.20,20,304.00,0.10
10485,3,8.00,20,160.00,0.10
10485,55,19.20,30,576.00,0.10
10485,70,12.00,60,720.00,0.10
10486,11,16.80,5,84.00,0.00
10486,51,42.40,25,1060.00,0.00
10486,74,8.00,16,128.00,0.00
10487,19,7.30,5,36.50,0.00
10487,26,24.90,30,747.00,0.00
10487,54,5.90,24,141.60,0.25
10488,59,44.00,30,1320.00,0.00
10488,73,12.00,20,240.00,0.20
10489,11,16.80,15,252.00,0.25
10489,16,13.90,18,250.20,0.00
10490,59,44.00,60,2640.00,0.00
10490,68,10.00,30,300.00,0.00
10490,75,6.20,36,223.20,0.00
10491,44,15.50,15,232.50,0.15
10491,77,10.40,7,72.80,0.15
10492,25,11.20,60,672.00,0.05
10492,42,11.20,20,224.00,0.05
10493,65,16.80,15,252.00,0.10
10493,66,13.60,10,136.00,0.10
10493,69,28.80,10,288.00,0.10
10494,56,30.40,30,912.00,0.00
10495,23,7.20,10,72.00,0.00
10495,41,7.70,20,154.00,0.00
10495,77,10.40,5,52.00,0.00
10496,31,10.00,20,200.00,0.05
10497,56,30.40,14,425.60,0.00
10497,72,27.80,25,695.00,0.00
10497,77,10.40,25,260.00,0.00
10498,24,4.50,14,63.00,0.00
10498,40,18.40,5,92.00,0.00
10498,42,14.00,30,420.00,0.00
10499,28,45.60,20,912.00,0.00
10499,49,20.00,25,500.00,0.00
10500,15,15.50,12,186.00,0.05
10500,28,45.60,8,364.80,0.05
10501,54,7.45,20,149.00,0.00
10502,45,9.50,21,199.50,0.00
10502,53,32.80,6,196.80,0.00
10502,67,14.00,30,420.00,0.00
10503,14,23.25,70,1627.50,0.00
10503,65,21.05,20,421.00,0.00
10504,2,19.00,12,228.00,0.00
10504,21,10.00,12,120.00,0.00
10504,53,32.80,10,328.00,0.00
10504,61,28.50,25,712.50,0.00
10505,62,49.30,3,147.90,0.00
10506,25,14.00,18,252.00,0.10
10506,70,15.00,14,210.00,0.10
10507,43,46.00,15,690.00,0.15
10507,48,12.75,15,191.25,0.15
10508,13,6.00,10,60.00,0.00
10508,39,18.00,10,180.00,0.00
10509,28,45.60,3,136.80,0.00
10510,29,123.79,36,4456.44,0.00
10510,75,7.75,36,279.00,0.10
10511,4,22.00,50,1100.00,0.15
10511,7,30.00,50,1500.00,0.15
10511,8,40.00,10,400.00,0.15
10512,24,4.50,10,45.00,0.15
10512,46,12.00,9,108.00,0.15
10512,47,9.50,6,57.00,0.15
10512,60,34.00,12,408.00,0.15
10513,21,10.00,40,400.00,0.20
10513,32,32.00,50,1600.00,0.20
10513,61,28.50,15,427.50,0.20
10514,20,81.00,39,3159.00,0.00
10514,28,45.60,35,1596.00,0.00
10514,56,38.00,70,2660.00,0.00
10514,65,21.05,39,820.95,0.00
10514,75,7.75,50,387.50,0.00
10515,9,97.00,16,1552.00,0.15
10515,16,17.45,50,872.50,0.00
10515,27,43.90,120,5268.00,0.00
10515,33,2.50,16,40.00,0.15
10515,60,34.00,84,2856.00,0.15
10516,18,62.50,25,1562.50,0.10
10516,41,9.65,80,772.00,0.10
10516,42,14.00,20,280.00,0.00
10517,52,7.00,6,42.00,0.00
10517,59,55.00,4,220.00,0.00
10517,70,15.00,6,90.00,0.00
10518,24,4.50,5,22.50,0.00
10518,38,263.50,15,3952.50,0.00
10518,44,19.45,9,175.05,0.00
10519,10,31.00,16,496.00,0.05
10519,56,38.00,40,1520.00,0.00
10519,60,34.00,10,340.00,0.05
10520,24,4.50,8,36.00,0.00
10520,53,32.80,5,164.00,0.00
10521,35,18.00,3,54.00,0.00
10521,41,9.65,10,96.50,0.00
10521,68,12.50,6,75.00,0.00
10522,1,18.00,40,720.00,0.20
10522,8,40.00,24,960.00,0.00
10522,30,25.89,20,517.80,0.20
10522,40,18.40,25,460.00,0.20
10523,17,39.00,25,975.00,0.10
10523,20,81.00,15,1215.00,0.10
10523,37,26.00,18,468.00,0.10
10523,41,9.65,6,57.90,0.10
10524,10,31.00,2,62.00,0.00
10524,30,25.89,10,258.90,0.00
10524,43,46.00,60,2760.00,0.00
10524,54,7.45,15,111.75,0.00
10525,36,19.00,30,570.00,0.00
10525,40,18.40,15,276.00,0.10
10526,1,18.00,8,144.00,0.15
10526,13,6.00,10,60.00,0.00
10526,56,38.00,30,1140.00,0.15
10527,4,22.00,50,1100.00,0.10
10527,36,19.00,30,570.00,0.10
10528,11,21.00,3,63.00,0.00
10528,33,2.50,8,20.00,0.20
10528,72,34.80,9,313.20,0.00
10529,55,24.00,14,336.00,0.00
10529,68,12.50,20,250.00,0.00
10529,69,36.00,10,360.00,0.00
10530,17,39.00,40,1560.00,0.00
10530,43,46.00,25,1150.00,0.00
10530,61,28.50,20,570.00,0.00
10530,76,18.00,50,900.00,0.00
10531,59,55.00,2,110.00,0.00
10532,30,25.89,15,388.35,0.00
10532,66,17.00,24,408.00,0.00
10533,4,22.00,50,1100.00,0.05
10533,72,34.80,24,835.20,0.00
10533,73,15.00,24,360.00,0.05
10534,30,25.89,10,258.90,0.00
10534,40,18.40,10,184.00,0.20
10534,54,7.45,10,74.50,0.20
10535,11,21.00,50,1050.00,0.10
10535,40,18.40,10,184.00,0.10
10535,57,19.50,5,97.50,0.10
10535,59,55.00,15,825.00,0.10
10536,12,38.00,15,570.00,0.25
10536,31,12.50,20,250.00,0.00
10536,33,2.50,30,75.00,0.00
10536,60,34.00,35,1190.00,0.25
10537,31,12.50,30,375.00,0.00
10537,51,53.00,6,318.00,0.00
10537,58,13.25,20,265.00,0.00
10537,72,34.80,21,730.80,0.00
10537,73,15.00,9,135.00,0.00
10538,70,15.00,7,105.00,0.00
10538,72,34.80,1,34.80,0.00
10539,13,6.00,8,48.00,0.00
10539,21,10.00,15,150.00,0.00
10539,33,2.50,15,37.50,0.00
10539,49,20.00,6,120.00,0.00
10540,3,10.00,60,600.00,0.00
10540,26,31.23,40,1249.20,0.00
10540,38,263.50,30,7905.00,0.00
10540,68,12.50,35,437.50,0.00
10541,24,4.50,35,157.50,0.10
10541,38,263.50,4,1054.00,0.10
10541,65,21.05,36,757.80,0.10
10541,71,21.50,9,193.50,0.10
10542,11,21.00,15,315.00,0.05
10542,54,7.45,24,178.80,0.05
10543,12,38.00,30,1140.00,0.15
10543,23,9.00,70,630.00,0.15
10544,28,45.60,7,319.20,0.00
10544,67,14.00,7,98.00,0.00
10545,11,21.00,10,210.00,0.00
10546,7,30.00,10,300.00,0.00
10546,35,18.00,30,540.00,0.00
10546,62,49.30,40,1972.00,0.00
10547,32,32.00,24,768.00,0.15
10547,36,19.00,60,1140.00,0.00
10548,34,14.00,10,140.00,0.25
10548,41,9.65,14,135.10,0.00
10549,31,12.50,55,687.50,0.15
10549,45,9.50,100,950.00,0.15
10549,51,53.00,48,2544.00,0.15
10550,17,39.00,8,312.00,0.10
10550,19,9.20,10,92.00,0.00
10550,21,10.00,6,60.00,0.10
10550,61,28.50,10,285.00,0.10
10551,16,17.45,40,698.00,0.15
10551,35,18.00,20,360.00,0.15
10551,44,19.45,40,778.00,0.00
10552,69,36.00,18,648.00,0.00
10552,75,7.75,30,232.50,0.00
10553,11,21.00,15,315.00,0.00
10553,16,17.45,14,244.30,0.00
10553,22,21.00,24,504.00,0.00
10553,31,12.50,30,375.00,0.00
10553,35,18.00,6,108.00,0.00
10554,16,17.45,30,523.50,0.05
10554,23,9.00,20,180.00,0.05
10554,62,49.30,20,986.00,0.05
10554,77,13.00,10,130.00,0.05
10555,14,23.25,30,697.50,0.20
10555,19,9.20,35,322.00,0.20
10555,24,4.50,18,81.00,0.20
10555,51,53.00,20,1060.00,0.20
10555,56,38.00,40,1520.00,0.20
10556,72,34.80,24,835.20,0.00
10557,64,33.25,30,997.50,0.00
10557,75,7.75,20,155.00,0.00
10558,47,9.50,25,237.50,0.00
10558,51,53.00,20,1060.00,0.00
10558,52,7.00,30,210.00,0.00
10558,53,32.80,18,590.40,0.00
10558,73,15.00,3,45.00,0.00
10559,41,9.65,12,115.80,0.05
10559,55,24.00,18,432.00,0.05
10560,30,25.89,20,517.80,0.00
10560,62,49.30,15,739.50,0.25
10561,44,19.45,10,194.50,0.00
10561,51,53.00,50,2650.00,0.00
10562,33,2.50,20,50.00,0.10
10562,62,49.30,10,493.00,0.10
10563,36,19.00,25,475.00,0.00
10563,52,7.00,70,490.00,0.00
10564,17,39.00,16,624.00,0.05
10564,31,12.50,6,75.00,0.05
10564,55,24.00,25,600.00,0.05
10565,24,4.50,25,112.50,0.10
10565,64,33.25,18,598.50,0.10
10566,11,21.00,35,735.00,0.15
10566,18,62.50,18,1125.00,0.15
10566,76,18.00,10,180.00,0.00
10567,31,12.50,60,750.00,0.20
10567,51,53.00,3,159.00,0.00
10567,59,55.00,40,2200.00,0.20
10568,10,31.00,5,155.00,0.00
10569,31,12.50,35,437.50,0.20
10569,76,18.00,30,540.00,0.00
10570,11,21.00,15,315.00,0.05
10570,56,38.00,60,2280.00,0.05
10571,14,23.25,11,255.75,0.15
10571,42,14.00,28,392.00,0.15
10572,16,17.45,12,209.40,0.10
10572,32,32.00,10,320.00,0.10
10572,40,18.40,50,920.00,0.00
10572,75,7.75,15,116.25,0.10
10573,17,39.00,18,702.00,0.00
10573,34,14.00,40,560.00,0.00
10573,53,32.80,25,820.00,0.00
10574,33,2.50,14,35.00,0.00
10574,40,18.40,2,36.80,0.00
10574,62,49.30,10,493.00,0.00
10574,64,33.25,6,199.50,0.00
10575,59,55.00,12,660.00,0.00
10575,63,43.90,6,263.40,0.00
10575,72,34.80,30,1044.00,0.00
10575,76,18.00,10,180.00,0.00
10576,1,18.00,10,180.00,0.00
10576,31,12.50,20,250.00,0.00
10576,44,19.45,21,408.45,0.00
10577,39,18.00,10,180.00,0.00
10577,75,7.75,20,155.00,0.00
10577,77,13.00,18,234.00,0.00
10578,35,18.00,20,360.00,0.00
10578,57,19.50,6,117.00,0.00
10579,15,15.50,10,155.00,0.00
10579,75,7.75,21,162.75,0.00
10580,14,23.25,15,348.75,0.05
10580,41,9.65,9,86.85,0.05
10580,65,21.05,30,631.50,0.05
10581,75,7.75,50,387.50,0.20
10582,57,19.50,4,78.00,0.00
10582,76,18.00,14,252.00,0.00
10583,29,123.79,10,1237.90,0.00
10583,60,34.00,24,816.00,0.15
10583,69,36.00,10,360.00,0.15
10584,31,12.50,50,625.00,0.05
10585,47,9.50,15,142.50,0.00
10586,52,7.00,4,28.00,0.15
10587,26,31.23,6,187.38,0.00
10587,35,18.00,20,360.00,0.00
10587,77,13.00,20,260.00,0.00
10588,18,62.50,40,2500.00,0.20
10588,42,14.00,100,1400.00,0.20
10589,35,18.00,4,72.00,0.00
10590,1,18.00,20,360.00,0.00
10590,77,13.00,60,780.00,0.05
10591,3,10.00,14,140.00,0.00
10591,7,30.00,10,300.00,0.00
10591,54,7.45,50,372.50,0.00
10592,15,15.50,25,387.50,0.05
10592,26,31.23,5,156.15,0.05
10593,20,81.00,21,1701.00,0.20
10593,69,36.00,20,720.00,0.20
10593,76,18.00,4,72.00,0.20
10594,52,7.00,24,168.00,0.00
10594,58,13.25,30,397.50,0.00
10595,35,18.00,30,540.00,0.25
10595,61,28.50,120,3420.00,0.25
10595,69,36.00,65,2340.00,0.25
10596,56,38.00,5,190.00,0.20
10596,63,43.90,24,1053.60,0.20
10596,75,7.75,30,232.50,0.20
10597,24,4.50,35,157.50,0.20
10597,57,19.50,20,390.00,0.00
10597,65,21.05,12,252.60,0.20
10598,27,43.90,50,2195.00,0.00
10598,71,21.50,9,193.50,0.00
10599,62,49.30,10,493.00,0.00
10600,54,7.45,4,29.80,0.00
10600,73,15.00,30,450.00,0.00
10601,13,6.00,60,360.00,0.00
10601,59,55.00,35,1925.00,0.00
10602,77,13.00,5,65.00,0.25
10603,22,21.00,48,1008.00,0.00
10603,49,20.00,25,500.00,0.05
10604,48,12.75,6,76.50,0.10
10604,76,18.00,10,180.00,0.10
10605,16,17.45,30,523.50,0.05
10605,59,55.00,20,1100.00,0.05
10605,60,34.00,70,2380.00,0.05
10605,71,21.50,15,322.50,0.05
10606,4,22.00,20,440.00,0.20
10606,55,24.00,20,480.00,0.20
10606,62,49.30,10,493.00,0.20
10607,7,30.00,45,1350.00,0.00
10607,17,39.00,100,3900.00,0.00
10607,33,2.50,14,35.00,0.00
10607,40,18.40,42,772.80,0.00
10607,72,34.80,12,417.60,0.00
10608,56,38.00,28,1064.00,0.00
10609,1,18.00,3,54.00,0.00
10609,10,31.00,10,310.00,0.00
10609,21,10.00,6,60.00,0.00
10610,36,19.00,21,399.00,0.25
10611,1,18.00,6,108.00,0.00
10611,2,19.00,10,190.00,0.00
10611,60,34.00,15,510.00,0.00
10612,10,31.00,70,2170.00,0.00
10612,36,19.00,55,1045.00,0.00
10612,49,20.00,18,360.00,0.00
10612,60,34.00,40,1360.00,0.00
10612,76,18.00,80,1440.00,0.00
10613,13,6.00,8,48.00,0.10
10613,75,7.75,40,310.00,0.00
10614,11,21.00,14,294.00,0.00
10614,21,10.00,8,80.00,0.00
10614,39,18.00,5,90.00,0.00
10615,55,24.00,5,120.00,0.00
10616,38,263.50,15,3952.50,0.05
10616,56,38.00,14,532.00,0.00
10616,70,15.00,15,225.00,0.05
10616,71,21.50,15,322.50,0.05
10617,59,55.00,30,1650.00,0.15
10618,6,25.00,70,1750.00,0.00
10618,56,38.00,20,760.00,0.00
10618,68,12.50,15,187.50,0.00
10619,21,10.00,42,420.00,0.00
10619,22,21.00,40,840.00,0.00
10620,24,4.50,5,22.50,0.00
10620,52,7.00,5,35.00,0.00
10621,19,9.20,5,46.00,0.00
10621,23,9.00,10,90.00,0.00
10621,70,15.00,20,300.00,0.00
10621,71,21.50,15,322.50,0.00
10622,2,19.00,20,380.00,0.00
10622,68,12.50,18,225.00,0.20
10623,14,23.25,21,488.25,0.00
10623,19,9.20,15,138.00,0.10
10623,21,10.00,25,250.00,0.10
10623,24,4.50,3,13.50,0.00
10623,35,18.00,30,540.00,0.10
10624,28,45.60,10,456.00,0.00
10624,29,123.79,6,742.74,0.00
10624,44,19.45,10,194.50,0.00
10625,14,23.25,3,69.75,0.00
10625,42,14.00,5,70.00,0.00
10625,60,34.00,10,340.00,0.00
10626,53,32.80,12,393.60,0.00
10626,60,34.00,20,680.00,0.00
10626,71,21.50,20,430.00,0.00
10627,62,49.30,15,739.50,0.00
10627,73,15.00,35,525.00,0.15
10628,1,18.00,25,450.00,0.00
10629,29,123.79,20,2475.80,0.00
10629,64,33.25,9,299.25,0.00
10630,55,24.00,12,288.00,0.05
10630,76,18.00,35,630.00,0.00
10631,75,7.75,8,62.00,0.10
10632,2,19.00,30,570.00,0.05
10632,33,2.50,20,50.00,0.05
10633,12,38.00,36,1368.00,0.15
10633,13,6.00,13,78.00,0.15
10633,26,31.23,35,1093.05,0.15
10633,62,49.30,80,3944.00,0.15
10634,7,30.00,35,1050.00,0.00
10634,18,62.50,50,3125.00,0.00
10634,51,53.00,15,795.00,0.00
10634,75,7.75,2,15.50,0.00
10635,4,22.00,10,220.00,0.10
10635,5,21.35,15,320.25,0.10
10635,22,21.00,40,840.00,0.00
10636,4,22.00,25,550.00,0.00
10636,58,13.25,6,79.50,0.00
10637,11,21.00,10,210.00,0.00
10637,50,16.25,25,406.25,0.05
10637,56,38.00,60,2280.00,0.05
10638,45,9.50,20,190.00,0.00
10638,65,21.05,21,442.05,0.00
10638,72,34.80,60,2088.00,0.00
10639,18,62.50,8,500.00,0.00
10640,69,36.00,20,720.00,0.25
10640,70,15.00,15,225.00,0.25
10641,2,19.00,50,950.00,0.00
10641,40,18.40,60,1104.00,0.00
10642,21,10.00,30,300.00,0.20
10642,61,28.50,20,570.00,0.20
10643,28,45.60,15,684.00,0.25
10643,39,18.00,21,378.00,0.25
10643,46,12.00,2,24.00,0.25
10644,18,62.50,4,250.00,0.10
10644,43,46.00,20,920.00,0.00
10644,46,12.00,21,252.00,0.10
10645,18,62.50,20,1250.00,0.00
10645,36,19.00,15,285.00,0.00
10646,1,18.00,15,270.00,0.25
10646,10,31.00,18,558.00,0.25
10646,71,21.50,30,645.00,0.25
10646,77,13.00,35,455.00,0.25
10647,19,9.20,30,276.00,0.00
10647,39,18.00,20,360.00,0.00
10648,22,21.00,15,315.00,0.00
10648,24,4.50,15,67.50,0.15
10649,28,45.60,20,912.00,0.00
10649,72,34.80,15,522.00,0.00
10650,30,25.89,30,776.70,0.00
10650,53,32.80,25,820.00,0.05
10650,54,7.45,30,223.50,0.00
10651,19,9.20,12,110.40,0.25
10651,22,21.00,20,420.00,0.25
10652,30,25.89,2,51.78,0.25
10652,42,14.00,20,280.00,0.00
10653,16,17.45,30,523.50,0.10
10653,60,34.00,20,680.00,0.10
10654,4,22.00,12,264.00,0.10
10654,39,18.00,20,360.00,0.10
10654,54,7.45,6,44.70,0.10
10655,41,9.65,20,193.00,0.20
10656,14,23.25,3,69.75,0.10
10656,44,19.45,28,544.60,0.10
10656,47,9.50,6,57.00,0.10
10657,15,15.50,50,775.00,0.00
10657,41,9.65,24,231.60,0.00
10657,46,12.00,45,540.00,0.00
10657,47,9.50,10,95.00,0.00
10657,56,38.00,45,1710.00,0.00
10657,60,34.00,30,1020.00,0.00
10658,21,10.00,60,600.00,0.00
10658,40,18.40,70,1288.00,0.05
10658,60,34.00,55,1870.00,0.05
10658,77,13.00,70,910.00,0.05
10659,31,12.50,20,250.00,0.05
10659,40,18.40,24,441.60,0.05
10659,70,15.00,40,600.00,0.05
10660,20,81.00,21,1701.00,0.00
10661,39,18.00,3,54.00,0.20
10661,58,13.25,49,649.25,0.20
10662,68,12.50,10,125.00,0.00
10663,40,18.40,30,552.00,0.05
10663,42,14.00,30,420.00,0.05
10663,51,53.00,20,1060.00,0.05
10664,10,31.00,24,744.00,0.15
10664,56,38.00,12,456.00,0.15
10664,65,21.05,15,315.75,0.15
10665,51,53.00,20,1060.00,0.00
10665,59,55.00,1,55.00,0.00
10665,76,18.00,10,180.00,0.00
10666,29,123.79,36,4456.44,0.00
10666,65,21.05,10,210.50,0.00
10667,69,36.00,45,1620.00,0.20
10667,71,21.50,14,301.00,0.20
10668,31,12.50,8,100.00,0.10
10668,55,24.00,4,96.00,0.10
10668,64,33.25,15,498.75,0.10
10669,36,19.00,30,570.00,0.00
10670,23,9.00,32,288.00,0.00
10670,46,12.00,60,720.00,0.00
10670,67,14.00,25,350.00,0.00
10670,73,15.00,50,750.00,0.00
10670,75,7.75,25,193.75,0.00
10671,16,17.45,10,174.50,0.00
10671,62,49.30,10,493.00,0.00
10671,65,21.05,12,252.60,0.00
10672,38,263.50,15,3952.50,0.10
10672,71,21.50,12,258.00,0.00
10673,16,17.45,3,52.35,0.00
10673,42,14.00,6,84.00,0.00
10673,43,46.00,6,276.00,0.00
10674,23,9.00,5,45.00,0.00
10675,14,23.25,30,697.50,0.00
10675,53,32.80,10,328.00,0.00
10675,58,13.25,30,397.50,0.00
10676,10,31.00,2,62.00,0.00
10676,19,9.20,7,64.40,0.00
10676,44,19.45,21,408.45,0.00
10677,26,31.23,30,936.90,0.15
10677,33,2.50,8,20.00,0.15
10678,12,38.00,100,3800.00,0.00
10678,33,2.50,30,75.00,0.00
10678,41,9.65,120,1158.00,0.00
10678,54,7.45,30,223.50,0.00
10679,59,55.00,12,660.00,0.00
10680,16,17.45,50,872.50,0.25
10680,31,12.50,20,250.00,0.25
10680,42,14.00,40,560.00,0.25
10681,19,9.20,30,276.00,0.10
10681,21,10.00,12,120.00,0.10
10681,64,33.25,28,931.00,0.00
10682,33,2.50,30,75.00,0.00
10682,66,17.00,4,68.00,0.00
10682,75,7.75,30,232.50,0.00
10683,52,7.00,9,63.00,0.00
10684,40,18.40,20,368.00,0.00
10684,47,9.50,40,380.00,0.00
10684,60,34.00,30,1020.00,0.00
10685,10,31.00,20,620.00,0.00
10685,41,9.65,4,38.60,0.00
10685,47,9.50,15,142.50,0.00
10686,17,39.00,30,1170.00,0.20
10686,26,31.23,15,468.45,0.00
10687,9,97.00,50,4850.00,0.25
10687,29,123.79,10,1237.90,0.00
10687,36,19.00,6,114.00,0.25
10688,10,31.00,18,558.00,0.10
10688,28,45.60,60,2736.00,0.10
10688,34,14.00,14,196.00,0.00
10689,1,18.00,35,630.00,0.25
10690,56,38.00,20,760.00,0.25
10690,77,13.00,30,390.00,0.25
10691,1,18.00,30,540.00,0.00
10691,29,123.79,40,4951.60,0.00
10691,43,46.00,40,1840.00,0.00
10691,44,19.45,24,466.80,0.00
10691,62,49.30,48,2366.40,0.00
10692,63,43.90,20,878.00,0.00
10693,9,97.00,6,582.00,0.00
10693,54,7.45,60,447.00,0.15
10693,69,36.00,30,1080.00,0.15
10693,73,15.00,15,225.00,0.15
10694,7,30.00,90,2700.00,0.00
10694,59,55.00,25,1375.00,0.00
10694,70,15.00,50,750.00,0.00
10695,8,40.00,10,400.00,0.00
10695,12,38.00,4,152.00,0.00
10695,24,4.50,20,90.00,0.00
10696,17,39.00,20,780.00,0.00
10696,46,12.00,18,216.00,0.00
10697,19,9.20,7,64.40,0.25
10697,35,18.00,9,162.00,0.25
10697,58,13.25,30,397.50,0.25
10697,70,15.00,30,450.00,0.25
10698,11,21.00,15,315.00,0.00
10698,17,39.00,8,312.00,0.05
10698,29,123.79,12,1485.48,0.05
10698,65,21.05,65,1368.25,0.05
10698,70,15.00,8,120.00,0.05
10699,47,9.50,12,114.00,0.00
10700,1,18.00,5,90.00,0.20
10700,34,14.00,12,168.00,0.20
10700,68,12.50,40,500.00,0.20
10700,71,21.50,60,1290.00,0.20
10701,59,55.00,42,2310.00,0.15
10701,71,21.50,20,430.00,0.15
10701,76,18.00,35,630.00,0.15
10702,3,10.00,6,60.00,0.00
10702,76,18.00,15,270.00,0.00
10703,2,19.00,5,95.00,0.00
10703,59,55.00,35,1925.00,0.00
10703,73,15.00,35,525.00,0.00
10704,4,22.00,6,132.00,0.00
10704,24,4.50,35,157.50,0.00
10704,48,12.75,24,306.00,0.00
10705,31,12.50,20,250.00,0.00
10705,32,32.00,4,128.00,0.00
10706,16,17.45,20,349.00,0.00
10706,43,46.00,24,1104.00,0.00
10706,59,55.00,8,440.00,0.00
10707,55,24.00,21,504.00,0.00
10707,57,19.50,40,780.00,0.00
10707,70,15.00,28,420.00,0.15
10708,5,21.35,4,85.40,0.00
10708,36,19.00,5,95.00,0.00
10709,8,40.00,40,1600.00,0.00
10709,51,53.00,28,1484.00,0.00
10709,60,34.00,10,340.00,0.00
10710,19,9.20,5,46.00,0.00
10710,47,9.50,5,47.50,0.00
10711,19,9.20,12,110.40,0.00
10711,41,9.65,42,405.30,0.00
10711,53,32.80,120,3936.00,0.00
10712,53,32.80,3,98.40,0.05
10712,56,38.00,30,1140.00,0.00
10713,10,31.00,18,558.00,0.00
10713,26,31.23,30,936.90,0.00
10713,45,9.50,110,1045.00,0.00
10713,46,12.00,24,288.00,0.00
10714,2,19.00,30,570.00,0.25
10714,17,39.00,27,1053.00,0.25
10714,47,9.50,50,475.00,0.25
10714,56,38.00,18,684.00,0.25
10714,58,13.25,12,159.00,0.25
10715,10,31.00,21,651.00,0.00
10715,71,21.50,30,645.00,0.00
10716,21,10.00,5,50.00,0.00
10716,51,53.00,7,371.00,0.00
10716,61,28.50,10,285.00,0.00
10717,21,10.00,32,320.00,0.05
10717,54,7.45,15,111.75,0.00
10717,69,36.00,25,900.00,0.05
10718,12,38.00,36,1368.00,0.00
10718,16,17.45,20,349.00,0.00
10718,36,19.00,40,760.00,0.00
10718,62,49.30,20,986.00,0.00
10719,18,62.50,12,750.00,0.25
10719,30,25.89,3,77.67,0.25
10719,54,7.45,40,298.00,0.25
10720,35,18.00,21,378.00,0.00
10720,71,21.50,8,172.00,0.00
10721,44,19.45,50,972.50,0.05
10722,2,19.00,3,57.00,0.00
10722,31,12.50,50,625.00,0.00
10722,68,12.50,45,562.50,0.00
10722,75,7.75,42,325.50,0.00
10723,26,31.23,15,468.45,0.00
10724,10,31.00,16,496.00,0.00
10724,61,28.50,5,142.50,0.00
10725,41,9.65,12,115.80,0.00
10725,52,7.00,4,28.00,0.00
10725,55,24.00,6,144.00,0.00
10726,4,22.00,25,550.00,0.00
10726,11,21.00,5,105.00,0.00
10727,17,39.00,20,780.00,0.05
10727,56,38.00,10,380.00,0.05
10727,59,55.00,10,550.00,0.05
10728,30,25.89,15,388.35,0.00
10728,40,18.40,6,110.40,0.00
10728,55,24.00,12,288.00,0.00
10728,60,34.00,15,510.00,0.00
10729,1,18.00,50,900.00,0.00
10729,21,10.00,30,300.00,0.00
10729,50,16.25,40,650.00,0.00
10730,16,17.45,15,261.75,0.05
10730,31,12.50,3,37.50,0.05
10730,65,21.05,10,210.50,0.05
10731,21,10.00,40,400.00,0.05
10731,51,53.00,30,1590.00,0.05
10732,76,18.00,20,360.00,0.00
10733,14,23.25,16,372.00,0.00
10733,28,45.60,20,912.00,0.00
10733,52,7.00,25,175.00,0.00
10734,6,25.00,30,750.00,0.00
10734,30,25.89,15,388.35,0.00
10734,76,18.00,20,360.00,0.00
10735,61,28.50,20,570.00,0.10
10735,77,13.00,2,26.00,0.10
10736,65,21.05,40,842.00,0.00
10736,75,7.75,20,155.00,0.00
10737,13,6.00,4,24.00,0.00
10737,41,9.65,12,115.80,0.00
10738,16,17.45,3,52.35,0.00
10739,36,19.00,6,114.00,0.00
10739,52,7.00,18,126.00,0.00
10740,28,45.60,5,228.00,0.20
10740,35,18.00,35,630.00,0.20
10740,45,9.50,40,380.00,0.20
10740,56,38.00,14,532.00,0.20
10741,2,19.00,15,285.00,0.20
10742,3,10.00,20,200.00,0.00
10742,60,34.00,50,1700.00,0.00
10742,72,34.80,35,1218.00,0.00
10743,46,12.00,28,336.00,0.05
10744,40,18.40,50,920.00,0.20
10745,18,62.50,24,1500.00,0.00
10745,44,19.45,16,311.20,0.00
10745,59,55.00,45,2475.00,0.00
10745,72,34.80,7,243.60,0.00
10746,13,6.00,6,36.00,0.00
10746,42,14.00,28,392.00,0.00
10746,62,49.30,9,443.70,0.00
10746,69,36.00,40,1440.00,0.00
10747,31,12.50,8,100.00,0.00
10747,41,9.65,35,337.75,0.00
10747,63,43.90,9,395.10,0.00
10747,69,36.00,30,1080.00,0.00
10748,23,9.00,44,396.00,0.00
10748,40,18.40,40,736.00,0.00
10748,56,38.00,28,1064.00,0.00
10749,56,38.00,15,570.00,0.00
10749,59,55.00,6,330.00,0.00
10749,76,18.00,10,180.00,0.00
10750,14,23.25,5,116.25,0.15
10750,45,9.50,40,380.00,0.15
10750,59,55.00,25,1375.00,0.15
10751,26,31.23,12,374.76,0.10
10751,30,25.89,30,776.70,0.00
10751,50,16.25,20,325.00,0.10
10751,73,15.00,15,225.00,0.00
10752,1,18.00,8,144.00,0.00
10752,69,36.00,3,108.00,0.00
10753,45,9.50,4,38.00,0.00
10753,74,10.00,5,50.00,0.00
10754,40,18.40,3,55.20,0.00
10755,47,9.50,30,285.00,0.25
10755,56,38.00,30,1140.00,0.25
10755,57,19.50,14,273.00,0.25
10755,69,36.00,25,900.00,0.25
10756,18,62.50,21,1312.50,0.20
10756,36,19.00,20,380.00,0.20
10756,68,12.50,6,75.00,0.20
10756,69,36.00,20,720.00,0.20
10757,34,14.00,30,420.00,0.00
10757,59,55.00,7,385.00,0.00
10757,62,49.30,30,1479.00,0.00
10757,64,33.25,24,798.00,0.00
10758,26,31.23,20,624.60,0.00
10758,52,7.00,60,420.00,0.00
10758,70,15.00,40,600.00,0.00
10759,32,32.00,10,320.00,0.00
10760,25,14.00,12,168.00,0.25
10760,27,43.90,40,1756.00,0.00
10760,43,46.00,30,1380.00,0.25
10761,25,14.00,35,490.00,0.25
10761,75,7.75,18,139.50,0.00
10762,39,18.00,16,288.00,0.00
10762,47,9.50,30,285.00,0.00
10762,51,53.00,28,1484.00,0.00
10762,56,38.00,60,2280.00,0.00
10763,21,10.00,40,400.00,0.00
10763,22,21.00,6,126.00,0.00
10763,24,4.50,20,90.00,0.00
10764,3,10.00,20,200.00,0.10
10764,39,18.00,130,2340.00,0.10
10765,65,21.05,80,1684.00,0.10
10766,2,19.00,40,760.00,0.00
10766,7,30.00,35,1050.00,0.00
10766,68,12.50,40,500.00,0.00
10767,42,14.00,2,28.00,0.00
10768,22,21.00,4,84.00,0.00
10768,31,12.50,50,625.00,0.00
10768,60,34.00,15,510.00,0.00
10768,71,21.50,12,258.00,0.00
10769,41,9.65,30,289.50,0.05
10769,52,7.00,15,105.00,0.05
10769,61,28.50,20,570.00,0.00
10769,62,49.30,15,739.50,0.00
10770,11,21.00,15,315.00,0.25
10771,71,21.50,16,344.00,0.00
10772,29,123.79,18,2228.22,0.00
10772,59,55.00,25,1375.00,0.00
10773,17,39.00,33,1287.00,0.00
10773,31,12.50,70,875.00,0.20
10773,75,7.75,7,54.25,0.20
10774,31,12.50,2,25.00,0.25
10774,66,17.00,50,850.00,0.00
10775,10,31.00,6,186.00,0.00
10775,67,14.00,3,42.00,0.00
10776,31,12.50,16,200.00,0.05
10776,42,14.00,12,168.00,0.05
10776,45,9.50,27,256.50,0.05
10776,51,53.00,120,6360.00,0.05
10777,42,14.00,20,280.00,0.20
10778,41,9.65,10,96.50,0.00
10779,16,17.45,20,349.00,0.00
10779,62,49.30,20,986.00,0.00
10780,70,15.00,35,525.00,0.00
10780,77,13.00,15,195.00,0.00
10781,54,7.45,3,22.35,0.20
10781,56,38.00,20,760.00,0.20
10781,74,10.00,35,350.00,0.00
10782,31,12.50,1,12.50,0.00
10783,31,12.50,10,125.00,0.00
10783,38,263.50,5,1317.50,0.00
10784,36,19.00,30,570.00,0.00
10784,39,18.00,2,36.00,0.15
10784,72,34.80,30,1044.00,0.15
10785,10,31.00,10,310.00,0.00
10785,75,7.75,10,77.50,0.00
10786,8,40.00,30,1200.00,0.20
10786,30,25.89,15,388.35,0.20
10786,75,7.75,42,325.50,0.20
10787,2,19.00,15,285.00,0.05
10787,29,123.79,20,2475.80,0.05
10788,19,9.20,50,460.00,0.05
10788,75,7.75,40,310.00,0.05
10789,18,62.50,30,1875.00,0.00
10789,35,18.00,15,270.00,0.00
10789,63,43.90,30,1317.00,0.00
10789,68,12.50,18,225.00,0.00
10790,7,30.00,3,90.00,0.15
10790,56,38.00,20,760.00,0.15
10791,29,123.79,14,1733.06,0.05
10791,41,9.65,20,193.00,0.05
10792,2,19.00,10,190.00,0.00
10792,54,7.45,3,22.35,0.00
10792,68,12.50,15,187.50,0.00
10793,41,9.65,14,135.10,0.00
10793,52,7.00,8,56.00,0.00
10794,14,23.25,15,348.75,0.20
10794,54,7.45,6,44.70,0.20
10795,16,17.45,65,1134.25,0.00
10795,17,39.00,35,1365.00,0.25
10796,26,31.23,21,655.83,0.20
10796,44,19.45,10,194.50,0.00
10796,64,33.25,35,1163.75,0.20
10796,69,36.00,24,864.00,0.20
10797,11,21.00,20,420.00,0.00
10798,62,49.30,2,98.60,0.00
10798,72,34.80,10,348.00,0.00
10799,13,6.00,20,120.00,0.15
10799,24,4.50,20,90.00,0.15
10799,59,55.00,25,1375.00,0.00
10800,11,21.00,50,1050.00,0.10
10800,51,53.00,10,530.00,0.10
10800,54,7.45,7,52.15,0.10
10801,17,39.00,40,1560.00,0.25
10801,29,123.79,20,2475.80,0.25
10802,30,25.89,25,647.25,0.25
10802,51,53.00,30,1590.00,0.25
10802,55,24.00,60,1440.00,0.25
10802,62,49.30,5,246.50,0.25
10803,19,9.20,24,220.80,0.05
10803,25,14.00,15,210.00,0.05
10803,59,55.00,15,825.00,0.05
10804,10,31.00,36,1116.00,0.00
10804,28,45.60,24,1094.40,0.00
10804,49,20.00,4,80.00,0.15
10805,34,14.00,10,140.00,0.00
10805,38,263.50,10,2635.00,0.00
10806,2,19.00,20,380.00,0.25
10806,65,21.05,2,42.10,0.00
10806,74,10.00,15,150.00,0.25
10807,40,18.40,1,18.40,0.00
10808,56,38.00,20,760.00,0.15
10808,76,18.00,50,900.00,0.15
10809,52,7.00,20,140.00,0.00
10810,13,6.00,7,42.00,0.00
10810,25,14.00,5,70.00,0.00
10810,70,15.00,5,75.00,0.00
10811,19,9.20,15,138.00,0.00
10811,23,9.00,18,162.00,0.00
10811,40,18.40,30,552.00,0.00
10812,31,12.50,16,200.00,0.10
10812,72,34.80,40,1392.00,0.10
10812,77,13.00,20,260.00,0.00
10813,2,19.00,12,228.00,0.20
10813,46,12.00,35,420.00,0.00
10814,41,9.65,20,193.00,0.00
10814,43,46.00,20,920.00,0.15
10814,48,12.75,8,102.00,0.15
10814,61,28.50,30,855.00,0.15
10815,33,2.50,16,40.00,0.00
10816,38,263.50,30,7905.00,0.05
10816,62,49.30,20,986.00,0.05
10817,26,31.23,40,1249.20,0.15
10817,38,263.50,30,7905.00,0.00
10817,40,18.40,60,1104.00,0.15
10817,62,49.30,25,1232.50,0.15
10818,32,32.00,20,640.00,0.00
10818,41,9.65,20,193.00,0.00
10819,43,46.00,7,322.00,0.00
10819,75,7.75,20,155.00,0.00
10820,56,38.00,30,1140.00,0.00
10821,35,18.00,20,360.00,0.00
10821,51,53.00,6,318.00,0.00
10822,62,49.30,3,147.90,0.00
10822,70,15.00,6,90.00,0.00
10823,11,21.00,20,420.00,0.10
10823,57,19.50,15,292.50,0.00
10823,59,55.00,40,2200.00,0.10
10823,77,13.00,15,195.00,0.10
10824,41,9.65,12,115.80,0.00
10824,70,15.00,9,135.00,0.00
10825,26,31.23,12,374.76,0.00
10825,53,32.80,20,656.00,0.00
10826,31,12.50,35,437.50,0.00
10826,57,19.50,15,292.50,0.00
10827,10,31.00,15,465.00,0.00
10827,39,18.00,21,378.00,0.00
10828,20,81.00,5,405.00,0.00
10828,38,263.50,2,527.00,0.00
10829,2,19.00,10,190.00,0.00
10829,8,40.00,20,800.00,0.00
10829,13,6.00,10,60.00,0.00
10829,60,34.00,21,714.00,0.00
10830,6,25.00,6,150.00,0.00
10830,39,18.00,28,504.00,0.00
10830,60,34.00,30,1020.00,0.00
10830,68,12.50,24,300.00,0.00
10831,19,9.20,2,18.40,0.00
10831,35,18.00,8,144.00,0.00
10831,38,263.50,8,2108.00,0.00
10831,43,46.00,9,414.00,0.00
10832,13,6.00,3,18.00,0.20
10832,25,14.00,10,140.00,0.20
10832,44,19.45,16,311.20,0.20
10832,64,33.25,3,99.75,0.00
10833,7,30.00,20,600.00,0.10
10833,31,12.50,9,112.50,0.10
10833,53,32.80,9,295.20,0.10
10834,29,123.79,8,990.32,0.05
10834,30,25.89,20,517.80,0.05
10835,59,55.00,15,825.00,0.00
10835,77,13.00,2,26.00,0.20
10836,22,21.00,52,1092.00,0.00
10836,35,18.00,6,108.00,0.00
10836,57,19.50,24,468.00,0.00
10836,60,34.00,60,2040.00,0.00
10836,64,33.25,30,997.50,0.00
10837,13,6.00,6,36.00,0.00
10837,40,18.40,25,460.00,0.00
10837,47,9.50,40,380.00,0.25
10837,76,18.00,21,378.00,0.25
10838,1,18.00,4,72.00,0.25
10838,18,62.50,25,1562.50,0.25
10838,36,19.00,50,950.00,0.25
10839,58,13.25,30,397.50,0.10
10839,72,34.80,15,522.00,0.10
10840,25,14.00,6,84.00,0.20
10840,39,18.00,10,180.00,0.20
10841,10,31.00,16,496.00,0.00
10841,56,38.00,30,1140.00,0.00
10841,59,55.00,50,2750.00,0.00
10841,77,13.00,15,195.00,0.00
10842,11,21.00,15,315.00,0.00
10842,43,46.00,5,230.00,0.00
10842,68,12.50,20,250.00,0.00
10842,70,15.00,12,180.00,0.00
10843,51,53.00,4,212.00,0.25
10844,22,21.00,35,735.00,0.00
10845,23,9.00,70,630.00,0.10
10845,35,18.00,25,450.00,0.10
10845,42,14.00,42,588.00,0.10
10845,58,13.25,60,795.00,0.10
10845,64,33.25,48,1596.00,0.00
10846,4,22.00,21,462.00,0.00
10846,70,15.00,30,450.00,0.00
10846,74,10.00,20,200.00,0.00
10847,1,18.00,80,1440.00,0.20
10847,19,9.20,12,110.40,0.20
10847,37,26.00,60,1560.00,0.20
10847,45,9.50,36,342.00,0.20
10847,60,34.00,45,1530.00,0.20
10847,71,21.50,55,1182.50,0.20
10848,5,21.35,30,640.50,0.00
10848,9,97.00,3,291.00,0.00
10849,3,10.00,49,490.00,0.00
10849,26,31.23,18,562.14,0.15
10850,25,14.00,20,280.00,0.15
10850,33,2.50,4,10.00,0.15
10850,70,15.00,30,450.00,0.15
10851,2,19.00,5,95.00,0.05
10851,25,14.00,10,140.00,0.05
10851,57,19.50,10,195.00,0.05
10851,59,55.00,42,2310.00,0.05
10852,2,19.00,15,285.00,0.00
10852,17,39.00,6,234.00,0.00
10852,62,49.30,50,2465.00,0.00
10853,18,62.50,10,625.00,0.00
10854,10,31.00,100,3100.00,0.15
10854,13,6.00,65,390.00,0.15
10855,16,17.45,50,872.50,0.00
10855,31,12.50,14,175.00,0.00
10855,56,38.00,24,912.00,0.00
10855,65,21.05,15,315.75,0.15
10856,2,19.00,20,380.00,0.00
10856,42,14.00,20,280.00,0.00
10857,3,10.00,30,300.00,0.00
10857,26,31.23,35,1093.05,0.25
10857,29,123.79,10,1237.90,0.25
10858,7,30.00,5,150.00,0.00
10858,27,43.90,10,439.00,0.00
10858,70,15.00,4,60.00,0.00
10859,24,4.50,40,180.00,0.25
10859,54,7.45,35,260.75,0.25
10859,64,33.25,30,997.50,0.25
10860,51,53.00,3,159.00,0.00
10860,76,18.00,20,360.00,0.00
10861,17,39.00,42,1638.00,0.00
10861,18,62.50,20,1250.00,0.00
10861,21,10.00,40,400.00,0.00
10861,33,2.50,35,87.50,0.00
10861,62,49.30,3,147.90,0.00
10862,11,21.00,25,525.00,0.00
10862,52,7.00,8,56.00,0.00
10863,1,18.00,20,360.00,0.15
10863,58,13.25,12,159.00,0.15
10864,35,18.00,4,72.00,0.00
10864,67,14.00,15,210.00,0.00
10865,38,263.50,60,15810.00,0.05
10865,39,18.00,80,1440.00,0.05
10866,2,19.00,21,399.00,0.25
10866,24,4.50,6,27.00,0.25
10866,30,25.89,40,1035.60,0.25
10867,53,32.80,3,98.40,0.00
10868,26,31.23,20,624.60,0.00
10868,35,18.00,30,540.00,0.00
10868,49,20.00,42,840.00,0.10
10869,1,18.00,40,720.00,0.00
10869,11,21.00,10,210.00,0.00
10869,23,9.00,50,450.00,0.00
10869,68,12.50,20,250.00,0.00
10870,35,18.00,3,54.00,0.00
10870,51,53.00,2,106.00,0.00
10871,6,25.00,50,1250.00,0.05
10871,16,17.45,12,209.40,0.05
10871,17,39.00,16,624.00,0.05
10872,55,24.00,10,240.00,0.05
10872,62,49.30,20,986.00,0.05
10872,64,33.25,15,498.75,0.05
10872,65,21.05,21,442.05,0.05
10873,21,10.00,20,200.00,0.00
10873,28,45.60,3,136.80,0.00
10874,10,31.00,10,310.00,0.00
10875,19,9.20,25,230.00,0.00
10875,47,9.50,21,199.50,0.10
10875,49,20.00,15,300.00,0.00
10876,46,12.00,21,252.00,0.00
10876,64,33.25,20,665.00,0.00
10877,16,17.45,30,523.50,0.25
10877,18,62.50,25,1562.50,0.00
10878,20,81.00,20,1620.00,0.05
10879,40,18.40,12,220.80,0.00
10879,65,21.05,10,210.50,0.00
10879,76,18.00,10,180.00,0.00
10880,23,9.00,30,270.00,0.20
10880,61,28.50,30,855.00,0.20
10880,70,15.00,50,750.00,0.20
10881,73,15.00,10,150.00,0.00
10882,42,14.00,25,350.00,0.00
10882,49,20.00,20,400.00,0.15
10882,54,7.45,32,238.40,0.15
10883,24,4.50,8,36.00,0.00
10884,21,10.00,40,400.00,0.05
10884,56,38.00,21,798.00,0.05
10884,65,21.05,12,252.60,0.05
10885,2,19.00,20,380.00,0.00
10885,24,4.50,12,54.00,0.00
10885,70,15.00,30,450.00,0.00
10885,77,13.00,25,325.00,0.00
10886,10,31.00,70,2170.00,0.00
10886,31,12.50,35,437.50,0.00
10886,77,13.00,40,520.00,0.00
10887,25,14.00,5,70.00,0.00
10888,2,19.00,20,380.00,0.00
10888,68,12.50,18,225.00,0.00
10889,11,21.00,40,840.00,0.00
10889,38,263.50,40,10540.00,0.00
10890,17,39.00,15,585.00,0.00
10890,34,14.00,10,140.00,0.00
10890,41,9.65,14,135.10,0.00
10891,30,25.89,15,388.35,0.05
10892,59,55.00,40,2200.00,0.05
10893,8,40.00,30,1200.00,0.00
10893,24,4.50,10,45.00,0.00
10893,29,123.79,24,2970.96,0.00
10893,30,25.89,35,906.15,0.00
10893,36,19.00,20,380.00,0.00
10894,13,6.00,28,168.00,0.05
10894,69,36.00,50,1800.00,0.05
10894,75,7.75,120,930.00,0.05
10895,24,4.50,110,495.00,0.00
10895,39,18.00,45,810.00,0.00
10895,40,18.40,91,1674.40,0.00
10895,60,34.00,100,3400.00,0.00
10896,45,9.50,15,142.50,0.00
10896,56,38.00,16,608.00,0.00
10897,29,123.79,80,9903.20,0.00
10897,30,25.89,36,932.04,0.00
10898,13,6.00,5,30.00,0.00
10899,39,18.00,8,144.00,0.15
10900,70,15.00,3,45.00,0.25
10901,41,9.65,30,289.50,0.00
10901,71,21.50,30,645.00,0.00
10902,55,24.00,30,720.00,0.15
10902,62,49.30,6,295.80,0.15
10903,13,6.00,40,240.00,0.00
10903,65,21.05,21,442.05,0.00
10903,68,12.50,20,250.00,0.00
10904,58,13.25,15,198.75,0.00
10904,62,49.30,35,1725.50,0.00
10905,1,18.00,20,360.00,0.05
10906,61,28.50,15,427.50,0.00
10907,75,7.75,14,108.50,0.00
10908,7,30.00,20,600.00,0.05
10908,52,7.00,14,98.00,0.05
10909,7,30.00,12,360.00,0.00
10909,16,17.45,15,261.75,0.00
10909,41,9.65,5,48.25,0.00
10910,19,9.20,12,110.40,0.00
10910,49,20.00,10,200.00,0.00
10910,61,28.50,5,142.50,0.00
10911,1,18.00,10,180.00,0.00
10911,17,39.00,12,468.00,0.00
10911,67,14.00,15,210.00,0.00
10912,11,21.00,40,840.00,0.25
10912,29,123.79,60,7427.40,0.25
10913,4,22.00,30,660.00,0.25
10913,33,2.50,40,100.00,0.25
10913,58,13.25,15,198.75,0.00
10914,71,21.50,25,537.50,0.00
10915,17,39.00,10,390.00,0.00
10915,33,2.50,30,75.00,0.00
10915,54,7.45,10,74.50,0.00
10916,16,17.45,6,104.70,0.00
10916,32,32.00,6,192.00,0.00
10916,57,19.50,20,390.00,0.00
10917,30,25.89,1,25.89,0.00
10917,60,34.00,10,340.00,0.00
10918,1,18.00,60,1080.00,0.25
10918,60,34.00,25,850.00,0.25
10919,16,17.45,24,418.80,0.00
10919,25,14.00,24,336.00,0.00
10919,40,18.40,20,368.00,0.00
10920,50,16.25,24,390.00,0.00
10921,35,18.00,10,180.00,0.00
10921,63,43.90,40,1756.00,0.00
10922,17,39.00,15,585.00,0.00
10922,24,4.50,35,157.50,0.00
10923,42,14.00,10,140.00,0.20
10923,43,46.00,10,460.00,0.20
10923,67,14.00,24,336.00,0.20
10924,10,31.00,20,620.00,0.10
10924,28,45.60,30,1368.00,0.10
10924,75,7.75,6,46.50,0.00
10925,36,19.00,25,475.00,0.15
10925,52,7.00,12,84.00,0.15
10926,11,21.00,2,42.00,0.00
10926,13,6.00,10,60.00,0.00
10926,19,9.20,7,64.40,0.00
10926,72,34.80,10,348.00,0.00
10927,20,81.00,5,405.00,0.00
10927,52,7.00,5,35.00,0.00
10927,76,18.00,20,360.00,0.00
10928,47,9.50,5,47.50,0.00
10928,76,18.00,5,90.00,0.00
10929,21,10.00,60,600.00,0.00
10929,75,7.75,49,379.75,0.00
10929,77,13.00,15,195.00,0.00
10930,21,10.00,36,360.00,0.00
10930,27,43.90,25,1097.50,0.00
10930,55,24.00,25,600.00,0.20
10930,58,13.25,30,397.50,0.20
10931,13,6.00,42,252.00,0.15
10931,57,19.50,30,585.00,0.00
10932,16,17.45,30,523.50,0.10
10932,62,49.30,14,690.20,0.10
10932,72,34.80,16,556.80,0.00
10932,75,7.75,20,155.00,0.10
10933,53,32.80,2,65.60,0.00
10933,61,28.50,30,855.00,0.00
10934,6,25.00,20,500.00,0.00
10935,1,18.00,21,378.00,0.00
10935,18,62.50,4,250.00,0.25
10935,23,9.00,8,72.00,0.25
10936,36,19.00,30,570.00,0.20
10937,28,45.60,8,364.80,0.00
10937,34,14.00,20,280.00,0.00
10938,13,6.00,20,120.00,0.25
10938,43,46.00,24,1104.00,0.25
10938,60,34.00,49,1666.00,0.25
10938,71,21.50,35,752.50,0.25
10939,2,19.00,10,190.00,0.15
10939,67,14.00,40,560.00,0.15
10940,7,30.00,8,240.00,0.00
10940,13,6.00,20,120.00,0.00
10941,31,12.50,44,550.00,0.25
10941,62,49.30,30,1479.00,0.25
10941,68,12.50,80,1000.00,0.25
10941,72,34.80,50,1740.00,0.00
10942,49,20.00,28,560.00,0.00
10943,13,6.00,15,90.00,0.00
10943,22,21.00,21,441.00,0.00
10943,46,12.00,15,180.00,0.00
10944,11,21.00,5,105.00,0.25
10944,44,19.45,18,350.10,0.25
10944,56,38.00,18,684.00,0.00
10945,13,6.00,20,120.00,0.00
10945,31,12.50,10,125.00,0.00
10946,10,31.00,25,775.00,0.00
10946,24,4.50,25,112.50,0.00
10946,77,13.00,40,520.00,0.00
10947,59,55.00,4,220.00,0.00
10948,50,16.25,9,146.25,0.00
10948,51,53.00,40,2120.00,0.00
10948,55,24.00,4,96.00,0.00
10949,6,25.00,12,300.00,0.00
10949,10,31.00,30,930.00,0.00
10949,17,39.00,6,234.00,0.00
10949,62,49.30,60,2958.00,0.00
10950,4,22.00,5,110.00,0.00
10951,33,2.50,15,37.50,0.05
10951,41,9.65,6,57.90,0.05
10951,75,7.75,50,387.50,0.05
10952,6,25.00,16,400.00,0.05
10952,28,45.60,2,91.20,0.00
10953,20,81.00,50,4050.00,0.05
10953,31,12.50,50,625.00,0.05
10954,16,17.45,28,488.60,0.15
10954,31,12.50,25,312.50,0.15
10954,45,9.50,30,285.00,0.00
10954,60,34.00,24,816.00,0.15
10955,75,7.75,12,93.00,0.20
10956,21,10.00,12,120.00,0.00
10956,47,9.50,14,133.00,0.00
10956,51,53.00,8,424.00,0.00
10957,30,25.89,30,776.70,0.00
10957,35,18.00,40,720.00,0.00
10957,64,33.25,8,266.00,0.00
10958,5,21.35,20,427.00,0.00
10958,7,30.00,6,180.00,0.00
10958,72,34.80,5,174.00,0.00
10959,75,7.75,20,155.00,0.15
10960,24,4.50,10,45.00,0.25
10960,41,9.65,24,231.60,0.00
10961,52,7.00,6,42.00,0.05
10961,76,18.00,60,1080.00,0.00
10962,7,30.00,45,1350.00,0.00
10962,13,6.00,77,462.00,0.00
10962,53,32.80,20,656.00,0.00
10962,69,36.00,9,324.00,0.00
10962,76,18.00,44,792.00,0.00
10963,60,34.00,2,68.00,0.15
10964,18,62.50,6,375.00,0.00
10964,38,263.50,5,1317.50,0.00
10964,69,36.00,10,360.00,0.00
10965,51,53.00,16,848.00,0.00
10966,37,26.00,8,208.00,0.00
10966,56,38.00,12,456.00,0.15
10966,62,49.30,12,591.60,0.15
10967,19,9.20,12,110.40,0.00
10967,49,20.00,40,800.00,0.00
10968,12,38.00,30,1140.00,0.00
10968,24,4.50,30,135.00,0.00
10968,64,33.25,4,133.00,0.00
10969,46,12.00,9,108.00,0.00
10970,52,7.00,40,280.00,0.20
10971,29,123.79,14,1733.06,0.00
10972,17,39.00,6,234.00,0.00
10972,33,2.50,7,17.50,0.00
10973,26,31.23,5,156.15,0.00
10973,41,9.65,6,57.90,0.00
10973,75,7.75,10,77.50,0.00
10974,63,43.90,10,439.00,0.00
10975,8,40.00,16,640.00,0.00
10975,75,7.75,10,77.50,0.00
10976,28,45.60,20,912.00,0.00
10977,39,18.00,30,540.00,0.00
10977,47,9.50,30,285.00,0.00
10977,51,53.00,10,530.00,0.00
10977,63,43.90,20,878.00,0.00
10978,8,40.00,20,800.00,0.15
10978,21,10.00,40,400.00,0.15
10978,40,18.40,10,184.00,0.00
10978,44,19.45,6,116.70,0.15
10979,7,30.00,18,540.00,0.00
10979,12,38.00,20,760.00,0.00
10979,24,4.50,80,360.00,0.00
10979,27,43.90,30,1317.00,0.00
10979,31,12.50,24,300.00,0.00
10979,63,43.90,35,1536.50,0.00
10980,75,7.75,40,310.00,0.20
10981,38,263.50,60,15810.00,0.00
10982,7,30.00,20,600.00,0.00
10982,43,46.00,9,414.00,0.00
10983,13,6.00,84,504.00,0.15
10983,57,19.50,15,292.50,0.00
10984,16,17.45,55,959.75,0.00
10984,24,4.50,20,90.00,0.00
10984,36,19.00,40,760.00,0.00
10985,16,17.45,36,628.20,0.10
10985,18,62.50,8,500.00,0.10
10985,32,32.00,35,1120.00,0.10
10986,11,21.00,30,630.00,0.00
10986,20,81.00,15,1215.00,0.00
10986,76,18.00,10,180.00,0.00
10986,77,13.00,15,195.00,0.00
10987,7,30.00,60,1800.00,0.00
10987,43,46.00,6,276.00,0.00
10987,72,34.80,20,696.00,0.00
10988,7,30.00,60,1800.00,0.00
10988,62,49.30,40,1972.00,0.10
10989,6,25.00,40,1000.00,0.00
10989,11,21.00,15,315.00,0.00
10989,41,9.65,4,38.60,0.00
10990,21,10.00,65,650.00,0.00
10990,34,14.00,60,840.00,0.15
10990,55,24.00,65,1560.00,0.15
10990,61,28.50,66,1881.00,0.15
10991,2,19.00,50,950.00,0.20
10991,70,15.00,20,300.00,0.20
10991,76,18.00,90,1620.00,0.20
10992,72,34.80,2,69.60,0.00
10993,29,123.79,50,6189.50,0.25
10993,41,9.65,35,337.75,0.25
10994,59,55.00,18,990.00,0.05
10995,51,53.00,20,1060.00,0.00
10995,60,34.00,4,136.00,0.00
10996,42,14.00,40,560.00,0.00
10997,32,32.00,50,1600.00,0.00
10997,46,12.00,20,240.00,0.25
10997,52,7.00,20,140.00,0.25
10998,24,4.50,12,54.00,0.00
10998,61,28.50,7,199.50,0.00
10998,74,10.00,20,200.00,0.00
10998,75,7.75,30,232.50,0.00
10999,41,9.65,20,193.00,0.05
10999,51,53.00,15,795.00,0.05
10999,77,13.00,21,273.00,0.05
11000,4,22.00,25,550.00,0.25
11000,24,4.50,30,135.00,0.25
11000,77,13.00,30,390.00,0.00
11001,7,30.00,60,1800.00,0.00
11001,22,21.00,25,525.00,0.00
11001,46,12.00,25,300.00,0.00
11001,55,24.00,6,144.00,0.00
11002,13,6.00,56,336.00,0.00
11002,35,18.00,15,270.00,0.15
11002,42,14.00,24,336.00,0.15
11002,55,24.00,40,960.00,0.00
11003,1,18.00,4,72.00,0.00
11003,40,18.40,10,184.00,0.00
11003,52,7.00,10,70.00,0.00
11004,26,31.23,6,187.38,0.00
11004,76,18.00,6,108.00,0.00
11005,1,18.00,2,36.00,0.00
11005,59,55.00,10,550.00,0.00
11006,1,18.00,8,144.00,0.00
11006,29,123.79,2,247.58,0.25
11007,8,40.00,30,1200.00,0.00
11007,29,123.79,10,1237.90,0.00
11007,42,14.00,14,196.00,0.00
11008,28,45.60,70,3192.00,0.05
11008,34,14.00,90,1260.00,0.05
11008,71,21.50,21,451.50,0.00
11009,24,4.50,12,54.00,0.00
11009,36,19.00,18,342.00,0.25
11009,60,34.00,9,306.00,0.00
11010,7,30.00,20,600.00,0.00
11010,24,4.50,10,45.00,0.00
11011,58,13.25,40,530.00,0.05
11011,71,21.50,20,430.00,0.00
11012,19,9.20,50,460.00,0.05
11012,60,34.00,36,1224.00,0.05
11012,71,21.50,60,1290.00,0.05
11013,23,9.00,10,90.00,0.00
11013,42,14.00,4,56.00,0.00
11013,45,9.50,20,190.00,0.00
11013,68,12.50,2,25.00,0.00
11014,41,9.65,28,270.20,0.10
11015,30,25.89,15,388.35,0.00
11015,77,13.00,18,234.00,0.00
11016,31,12.50,15,187.50,0.00
11016,36,19.00,16,304.00,0.00
11017,3,10.00,25,250.00,0.00
11017,59,55.00,110,6050.00,0.00
11017,70,15.00,30,450.00,0.00
11018,12,38.00,20,760.00,0.00
11018,18,62.50,10,625.00,0.00
11018,56,38.00,5,190.00,0.00
11019,46,12.00,3,36.00,0.00
11019,49,20.00,2,40.00,0.00
11020,10,31.00,24,744.00,0.15
11021,2,19.00,11,209.00,0.25
11021,20,81.00,15,1215.00,0.00
11021,26,31.23,63,1967.49,0.00
11021,51,53.00,44,2332.00,0.25
11021,72,34.80,35,1218.00,0.00
11022,19,9.20,35,322.00,0.00
11022,69,36.00,30,1080.00,0.00
11023,7,30.00,4,120.00,0.00
11023,43,46.00,30,1380.00,0.00
11024,26,31.23,12,374.76,0.00
11024,33,2.50,30,75.00,0.00
11024,65,21.05,21,442.05,0.00
11024,71,21.50,50,1075.00,0.00
11025,1,18.00,10,180.00,0.10
11025,13,6.00,20,120.00,0.10
11026,18,62.50,8,500.00,0.00
11026,51,53.00,10,530.00,0.00
11027,24,4.50,30,135.00,0.25
11027,62,49.30,21,1035.30,0.25
11028,55,24.00,35,840.00,0.00
11028,59,55.00,24,1320.00,0.00
11029,56,38.00,20,760.00,0.00
11029,63,43.90,12,526.80,0.00
11030,2,19.00,100,1900.00,0.25
11030,5,21.35,70,1494.50,0.00
11030,29,123.79,60,7427.40,0.25
11030,59,55.00,100,5500.00,0.25
11031,1,18.00,45,810.00,0.00
11031,13,6.00,80,480.00,0.00
11031,24,4.50,21,94.50,0.00
11031,64,33.25,20,665.00,0.00
11031,71,21.50,16,344.00,0.00
11032,36,19.00,35,665.00,0.00
11032,38,263.50,25,6587.50,0.00
11032,59,55.00,30,1650.00,0.00
11033,53,32.80,70,2296.00,0.10
11033,69,36.00,36,1296.00,0.10
11034,21,10.00,15,150.00,0.10
11034,44,19.45,12,233.40,0.00
11034,61,28.50,6,171.00,0.00
11035,1,18.00,10,180.00,0.00
11035,35,18.00,60,1080.00,0.00
11035,42,14.00,30,420.00,0.00
11035,54,7.45,10,74.50,0.00
11036,13,6.00,7,42.00,0.00
11036,59,55.00,30,1650.00,0.00
11037,70,15.00,4,60.00,0.00
11038,40,18.40,5,92.00,0.20
11038,52,7.00,2,14.00,0.00
11038,71,21.50,30,645.00,0.00
11039,28,45.60,20,912.00,0.00
11039,35,18.00,24,432.00,0.00
11039,49,20.00,60,1200.00,0.00
11039,57,19.50,28,546.00,0.00
11040,21,10.00,20,200.00,0.00
11041,2,19.00,30,570.00,0.20
11041,63,43.90,30,1317.00,0.00
11042,44,19.45,15,291.75,0.00
11042,61,28.50,4,114.00,0.00
11043,11,21.00,10,210.00,0.00
11044,62,49.30,12,591.60,0.00
11045,33,2.50,15,37.50,0.00
11045,51,53.00,24,1272.00,0.00
11046,12,38.00,20,760.00,0.05
11046,32,32.00,15,480.00,0.05
11046,35,18.00,18,324.00,0.05
11047,1,18.00,25,450.00,0.25
11047,5,21.35,30,640.50,0.25
11048,68,12.50,42,525.00,0.00
11049,2,19.00,10,190.00,0.20
11049,12,38.00,4,152.00,0.20
11050,76,18.00,50,900.00,0.10
11051,24,4.50,10,45.00,0.20
11052,43,46.00,30,1380.00,0.20
11052,61,28.50,10,285.00,0.20
11053,18,62.50,35,2187.50,0.20
11053,32,32.00,20,640.00,0.00
11053,64,33.25,25,831.25,0.20
11054,33,2.50,10,25.00,0.00
11054,67,14.00,20,280.00,0.00
11055,24,4.50,15,67.50,0.00
11055,25,14.00,15,210.00,0.00
11055,51,53.00,20,1060.00,0.00
11055,57,19.50,20,390.00,0.00
11056,7,30.00,40,1200.00,0.00
11056,55,24.00,35,840.00,0.00
11056,60,34.00,50,1700.00,0.00
11057,70,15.00,3,45.00,0.00
11058,21,10.00,3,30.00,0.00
11058,60,34.00,21,714.00,0.00
11058,61,28.50,4,114.00,0.00
11059,13,6.00,30,180.00,0.00
11059,17,39.00,12,468.00,0.00
11059,60,34.00,35,1190.00,0.00
11060,60,34.00,4,136.00,0.00
11060,77,13.00,10,130.00,0.00
11061,60,34.00,15,510.00,0.00
11062,53,32.80,10,328.00,0.20
11062,70,15.00,12,180.00,0.20
11063,34,14.00,30,420.00,0.00
11063,40,18.40,40,736.00,0.10
11063,41,9.65,30,289.50,0.10
11064,17,39.00,77,3003.00,0.10
11064,41,9.65,12,115.80,0.00
11064,53,32.80,25,820.00,0.10
11064,55,24.00,4,96.00,0.10
11064,68,12.50,55,687.50,0.00
11065,30,25.89,4,103.56,0.25
11065,54,7.45,20,149.00,0.25
11066,16,17.45,3,52.35,0.00
11066,19,9.20,42,386.40,0.00
11066,34,14.00,35,490.00,0.00
11067,41,9.65,9,86.85,0.00
11068,28,45.60,8,364.80,0.15
11068,43,46.00,36,1656.00,0.15
11068,77,13.00,28,364.00,0.15
11069,39,18.00,20,360.00,0.00
11070,1,18.00,40,720.00,0.15
11070,2,19.00,20,380.00,0.15
11070,16,17.45,30,523.50,0.15
11070,31,12.50,20,250.00,0.00
11071,7,30.00,15,450.00,0.05
11071,13,6.00,10,60.00,0.05
11072,2,19.00,8,152.00,0.00
11072,41,9.65,40,386.00,0.00
11072,50,16.25,22,357.50,0.00
11072,64,33.25,130,4322.50,0.00
11073,11,21.00,10,210.00,0.00
11073,24,4.50,20,90.00,0.00
11074,16,17.45,14,244.30,0.05
11075,2,19.00,10,190.00,0.15
11075,46,12.00,30,360.00,0.15
11075,76,18.00,2,36.00,0.15
11076,6,25.00,20,500.00,0.25
11076,14,23.25,20,465.00,0.25
11076,19,9.20,10,92.00,0.25
11077,2,19.00,24,456.00,0.20
11077,3,10.00,4,40.00,0.00
11077,4,22.00,1,22.00,0.00
11077,6,25.00,1,25.00,0.02
11077,7,30.00,1,30.00,0.05
11077,8,40.00,2,80.00,0.10
11077,10,31.00,1,31.00,0.00
11077,12,38.00,2,76.00,0.05
11077,13,6.00,4,24.00,0.00
11077,14,23.25,1,23.25,0.03
11077,16,17.45,2,34.90,0.03
11077,20,81.00,1,81.00,0.04
11077,23,9.00,2,18.00,0.00
11077,32,32.00,1,32.00,0.00
11077,39,18.00,2,36.00,0.05
11077,41,9.65,3,28.95,0.00
11077,46,12.00,3,36.00,0.02
11077,52,7.00,2,14.00,0.00
11077,55,24.00,2,48.00,0.00
11077,60,34.00,2,68.00,0.06
11077,64,33.25,2,66.50,0.03
11077,66,17.00,1,17.00,0.00
11077,73,15.00,2,30.00,0.01
11077,75,7.75,4,31.00,0.00
11077,77,13.00,2,26.00,0.00
